040000179002008054006005008080070910050090030019060040300400700570100200928000060
845632179732918654196745328683574912457291836219863547361429785574186293928357461
802050701007082460010900000600001832500000009184300006000004020095610300308090607
832456791957182463416973258679541832523768149184329576761834925295617384348295617
000000007720309001008705060502890000040501090000063705030906100200107053900000000
495618237726349581318725469572894316643571892189263745837956124264187953951432678
206000049037009000100700006000580900705000804009062000900004001000300490410000208
325867194681495327794321568539614872268739451417582639153978246942156783876243915
025007004001005020700020500509004800000000000007500609003070006040100700800200910
325867194681495327794321568539614872268739451417582639153978246942156783876243915
001725000080010006250000130070000500000106000009000080045000029700090060000648300
361725948987413256254869137876934512523186794419257683645371829738592461192648375
050200000300005080960078200000030020708000103040080000001640032070500001000009050
857261394312495786964378215195734628728956143643182579581647932479523861236819457
002000500010705020400090007049000730801030409036000210200080004080902060007000800
972863541618745923453291687549128736821637459736459218295386174184972365367514892
050010040107000602000905000208030501040070020901080406000401000304000709020060010
852716943197843652463925187278634591645179328931582476786491235314258769529367814
000602000400050001085010620038206710000000000019407350026040530900020007000809000
193672485462358971785914623538296714674135298219487356826741539941523867357869142
800200046007900000100000500000500032408000701320007000006000009000003200280006003
893275146657941328142638597971584632468329751325167984536412879714893265289756413
001725000080010000250000130070000500000186000009000080045000029000090060000648300
361725948987413256254869137876934512523186794419257683645371829738592461192648375
050090000004800009000107280560000137000000000173000042021508000600003800000010060
857392416214856379936147285568429137492731658173685942321568794645973821789214563
000400702064000050100007009210008003000050000800100075900700008080000920507002000
359481762764923851128567349215678493473259186896134275942716538681345927537892614
000054306000003270000720001900070053000000000820010009300061000046900000701540000
172854396468193275539726481914672853657389124823415769385261947246937518791548632
105000370000000200097300010000053102300801004201470000070008640008000000012000807
125649378834715296697382415746953182359821764281476953573298641468137529912564837
001300702006200010020000004200601309000000000403809007100000080050006400904008500
841365792736294815529187634285671349697432158413859267172543986358926471964718523
079050180800000007000000000007306800450708096003502700700000005000000000016030420
345871269279653184861429537197346852452718396683592741738264915516937428924185673
000000085000210009960080100500800016000000000890006007009070052300054000480000000
132649785758213649964785123543897216276531894891426537619378452327154968485962371
700004001020060080001500200800090700050307020006050008008009100090010060500800003
785924631924163587631578249843692715159387426276451398468739152397215864512846973
001725000080010000250000130070000500000106000009000080045000029000090060000648300
361725948987413256254869137876934512523186794419257683645371829738592461192648375
008060900000203678706051004973048100620039050001700000580900306000000000040005721
238467915415293678796851234973548162624139857851726493587912346162374589349685721
302065047050034182090170060206090308100000270089503400470300005000648091000200000
312865947657934182894172563246791358135486279789523416478319625523648791961257834
071039000460075010830060702042000058600000970010500004000008469790342000500001300
271839546469275813835164792342917658658423971917586234123758469796342185584691327
002004000008600000090000030800062000140030509070000000035008607000000042000901003
362794185518623794497185236859462371146837529273519468935248617781356942624971853
000040009000700000001000600013690400000000008000528000067180000000000902954030010
672841359495763281381952674813697425526314798749528136267189543138475962954236817
007001400060000000205000000001760058000030000090204000030050009004000600050080721
987521463463978512215346987341769258726835194598214376132657849874192635659483721
000003017015009008060000000100007000009000200000500004000000020500600340340200000
294863517715429638863751492152947863479386251638512974986134725521678349347295186
380000000000400785009020300060090000800302009000040070001070500495006000000000092
384567921126439785759821346563798214847312659912645873231974568495286137678153492
000700800006000031040002000024070000010030080000060290000800070860000500002006000
159743862276589431348612759624978315917235684583164297435821976861497523792356148
  
